628
0	J1:1:J2:2
0	J3:3:J4:4
1	J1
3	1
5	1
4	1
1	J3
3	3
5	3
4	3
1	J2
1	J4
1	J1
3	4
5	4
4	4
3	3
5	3
4	3
2	3
2	4
3	2
6	2
9	2
7	2
14	2
4	2
8	2
15	2
10	2
11	2
5	2
3	1
6	1
9	1
7	1
14	1
4	1
8	1
15	1
10	1
11	1
5	1
13	2:0:-1
13	1:7:-1
13	1:2:-1
13	1:4:-1
13	1:5:-1
13	1:6:-1
13	1:3:-1
6	1
9	1
7	1
14	1
4	1
8	1
15	1
10	1
11	1
5	1
6	2
9	2
7	2
14	2
4	2
8	2
15	2
10	2
11	2
5	2
13	1:0:-1
13	2:7:-1
13	2:1:-1
13	2:3:-1
13	2:4:-1
13	2:5:-1
13	2:6:-1
13	2:0:-1
6	2
9	2
7	2
14	2
4	2
8	2
15	2
10	2
11	2
5	2
6	1
9	1
7	1
14	1
4	1
8	1
15	1
10	1
11	1
5	1
13	2:0:-1
13	1:6:-1
13	1:2:-1
13	1:3:-1
13	1:4:-1
13	1:5:-1
13	1:0:-1
6	1
9	1
7	1
14	1
4	1
8	1
15	1
10	1
11	1
5	1
13	2:0:-1
13	1:5:-1
13	1:1:-1
13	1:2:-1
13	1:3:-1
13	1:4:-1
6	1
9	1
7	1
14	1
4	1
8	1
15	1
10	1
11	1
5	1
13	2:0:-1
13	1:4:-1
13	1:1:-1
13	1:3:-1
13	1:2:-1
6	1
9	1
7	1
14	1
4	1
8	1
15	1
10	1
11	1
5	1
6	2
9	2
7	2
14	2
4	2
8	2
15	2
10	2
11	2
5	2
13	1:0:-1
13	2:10:-1
13	2:0:-1
13	2:2:-1
13	2:3:-1
13	2:7:-1
13	2:8:-1
13	2:9:-1
13	2:4:-1
6	2
9	2
7	2
14	2
4	2
8	2
15	2
10	2
11	2
5	2
13	1:0:-1
13	2:9:-1
13	2:0:-1
13	2:2:-1
13	2:3:-1
13	2:6:-1
13	2:7:-1
13	2:8:-1
13	2:1:-1
6	2
9	2
7	2
14	2
4	2
8	2
15	2
10	2
11	2
5	2
6	1
9	1
7	1
14	1
4	1
8	1
15	1
10	1
11	1
5	1
13	2:0:-1
13	1:3:-1
13	1:1:-1
13	1:2:-1
13	1:0:-1
13	1:0:0
6	1
9	1
7	1
14	1
4	1
8	1
15	1
10	1
11	1
5	1
6	2
9	2
7	2
14	2
4	2
8	2
15	2
10	2
11	2
5	2
13	1:0:-1
13	2:12:-1
13	2:0:-1
13	2:1:-1
13	2:2:-1
13	2:3:-1
13	2:4:-1
13	2:5:-1
13	2:7:-1
13	2:8:-1
13	2:9:-1
13	2:10:-1
13	2:11:-1
13	2:6:-1
6	2
9	2
7	2
14	2
4	2
8	2
15	2
10	2
11	2
5	2
13	1:0:-1
13	2:11:-1
13	2:0:-1
13	2:1:-1
13	2:2:-1
13	2:3:-1
13	2:4:-1
13	2:5:-1
13	2:6:-1
13	2:7:-1
13	2:9:-1
13	2:10:-1
13	2:8:-1
6	2
9	2
7	2
14	2
4	2
8	2
15	2
10	2
11	2
5	2
13	1:0:-1
13	2:10:-1
13	2:0:-1
13	2:1:-1
13	2:2:-1
13	2:3:-1
13	2:4:-1
13	2:8:-1
13	2:9:-1
13	2:5:-1
6	2
9	2
7	2
14	2
4	2
8	2
15	2
10	2
11	2
5	2
6	1
9	1
7	1
14	1
4	1
8	1
15	1
10	1
11	1
5	1
13	2:0:-1
13	1:6:-1
13	1:0:-1
13	1:1:-1
13	1:3:-1
13	1:4:-1
13	1:5:-1
13	1:2:0
6	1
9	1
7	1
14	1
4	1
8	1
15	1
10	1
11	1
5	1
6	2
9	2
7	2
14	2
4	2
8	2
15	2
10	2
11	2
5	2
13	1:0:-1
13	2:13:-1
13	2:0:-1
13	2:1:-1
13	2:2:-1
13	2:3:-1
13	2:4:-1
13	2:5:-1
13	2:6:-1
13	2:7:-1
13	2:8:-1
13	2:9:-1
13	2:10:-1
13	2:11:-1
13	2:12:-1
12	1
12	2
6	2
9	2
7	2
14	2
4	2
8	2
15	2
10	2
11	2
5	2
6	1
9	1
7	1
14	1
4	1
8	1
15	1
10	1
11	1
5	1
13	2:0:-1
13	1:5:-1
13	1:2:-1
13	1:3:-1
13	1:0:-1
6	1
9	1
7	1
14	1
4	1
8	1
15	1
10	1
11	1
5	1
6	2
9	2
7	2
14	2
4	2
8	2
15	2
10	2
11	2
5	2
13	1:0:-1
13	2:14:-1
13	2:0:-1
13	2:1:-1
13	2:2:-1
13	2:3:-1
13	2:5:-1
13	2:6:-1
13	2:7:-1
13	2:8:-1
13	2:9:-1
13	2:10:-1
13	2:11:-1
13	2:12:-1
13	2:13:-1
13	2:4:-1
6	2
9	2
7	2
14	2
4	2
8	2
15	2
10	2
11	2
5	2
6	1
9	1
7	1
14	1
4	1
8	1
15	1
10	1
11	1
5	1
13	2:0:-1
13	1:4:-1
13	1:0:-1
13	1:3:-1
13	1:2:-1
6	1
9	1
7	1
14	1
4	1
8	1
15	1
10	1
11	1
5	1
6	2
9	2
7	2
14	2
4	2
8	2
15	2
10	2
11	2
5	2
13	1:0:-1
13	2:13:-1
13	2:0:-1
13	2:1:-1
13	2:2:-1
13	2:4:-1
13	2:5:-1
13	2:6:-1
13	2:9:-1
13	2:11:-1
13	2:8:-1
6	2
9	2
7	2
14	2
4	2
8	2
15	2
10	2
11	2
5	2
6	1
9	1
7	1
14	1
4	1
8	1
15	1
10	1
11	1
5	1
13	2:0:-1
13	1:3:-1
13	1:0:-1
13	1:2:-1
13	1:1:-1
6	1
9	1
7	1
14	1
4	1
8	1
15	1
10	1
11	1
5	1
6	2
9	2
7	2
14	2
4	2
8	2
15	2
10	2
11	2
5	2
13	1:0:-1
13	2:12:-1
13	2:0:-1
13	2:2:-1
13	2:5:-1
13	2:6:-1
13	2:8:-1
13	2:10:-1
13	2:11:-1
13	2:7:-1
6	2
9	2
7	2
14	2
4	2
8	2
15	2
10	2
11	2
5	2
6	1
9	1
7	1
14	1
4	1
8	1
15	1
10	1
11	1
5	1
13	2:0:-1
13	1:2:-1
13	1:0:-1
13	1:1:-1
6	1
9	1
7	1
14	1
4	1
8	1
15	1
10	1
11	1
5	1
6	2
9	2
7	2
14	2
4	2
8	2
15	2
10	2
11	2
5	2
13	1:0:-1
13	2:11:-1
13	2:0:-1
13	2:1:-1
13	2:2:-1
13	2:3:-1
13	2:4:-1
13	2:5:-1
13	2:6:-1
13	2:7:-1
13	2:8:-1
13	2:9:-1
13	2:10:-1
12	1
12	2
6	2
9	2
7	2
14	2
4	2
8	2
15	2
10	2
11	2
5	2
6	1
9	1
7	1
14	1
4	1
8	1
15	1
10	1
11	1
5	1
13	2:0:-1
13	1:-4:-1
13	1:0:-1
6	1
9	1
7	1
14	1
4	1
8	1
15	1
10	1
11	1
5	1
6	2
9	2
7	2
14	2
4	2
8	2
15	2
10	2
11	2
5	2
2	1
2	2
